0.000000000000000000e+00
0.000000000000000000e+00
1.623182638262185947e+03
1.498625832529180116e+03
1.369840932699545419e+03
1.271318070331621357e+03
1.200421376414847600e+03
1.149806779419624036e+03
1.112351637045008147e+03
1.083954972717562669e+03
1.062021791401701421e+03
1.043869052109023642e+03
1.029499420166853724e+03
1.017380122743867105e+03
1.006610853574464045e+03
9.972111106617904852e+02
9.892907636531174376e+02
9.826523702407564542e+02
9.763714388068497101e+02
9.716784966539397601e+02
9.672774970283938956e+02
9.634329241437383189e+02
9.602606402037363296e+02
9.575792634250404944e+02
9.555046560592514879e+02
9.540783694142286322e+02
9.531933328744991059e+02
9.530291747049358264e+02
9.533517874218854331e+02
9.542880734571202765e+02
9.558163133890082008e+02
9.576918549564859404e+02
9.600416010714385493e+02
9.629181438294178861e+02
9.662254535186363000e+02
9.699418116272005363e+02
9.739711888485539930e+02
9.782175560851180762e+02
9.828821284501320861e+02
9.879431882677158683e+02
9.931560850711814510e+02
9.986477235996455875e+02
1.004173453793000590e+03
1.009860180785320949e+03
1.015537565896788351e+03
1.021555447624237217e+03
1.027817798630426523e+03
1.034154280732155485e+03
1.040468866887355034e+03
1.046814152181281997e+03
1.053394861191807877e+03
1.059983882113794607e+03
1.066803476603924310e+03
1.073481418384915969e+03
1.079942725229431062e+03
1.086409658943967997e+03
1.093104481352902212e+03
1.099952210282806163e+03
1.106952174547204550e+03
1.113955080931887096e+03
1.120960258180913115e+03
1.128264278983430131e+03
1.135271983961414435e+03
1.142205634658432928e+03
1.149361803529526924e+03
1.156368263932282161e+03
1.163521588119166609e+03
1.170672482231177355e+03
1.178117518292848899e+03
1.185633091208641417e+03
1.193367150760728919e+03
1.201170402608185896e+03
1.209042174287558282e+03
1.216907385575625540e+03
1.224764880575139841e+03
1.232687717636861635e+03
1.240600333004454342e+03
1.248575784821346360e+03
1.256687131138633731e+03
1.264784496923937468e+03
1.273015251071109560e+03
1.281303829410675917e+03
1.289723289720899402e+03
1.298198067739342605e+03
1.306801221174800276e+03
1.315382874719475240e+03
1.324016086061261376e+03
1.332922534896009438e+03
1.341655101939634505e+03
1.350584088939947833e+03
1.359559620688077757e+03
1.368506133029364037e+03
1.377570994873608242e+03
1.386752953204570304e+03
1.395827822088614312e+03
1.405017281682404700e+03
1.414024001963790397e+03
1.423298429910007599e+03
1.432623380329446945e+03
1.441855979140633508e+03
1.451224907374164559e+03
1.460587291173373615e+03
1.470320433793696111e+03
1.479835595600753550e+03
1.489435769067146339e+03
1.499052391767997960e+03
1.508765523375277098e+03
1.518283668650945629e+03
1.528058442438997872e+03
1.537872660656455992e+03
1.547657761283402124e+03
1.557493804352142206e+03
1.567386538935591261e+03
1.577416025134992196e+03
1.587439390067076374e+03
1.597611004850786912e+03
1.607713685593680111e+03
1.618050425378135515e+03
1.628478351247500768e+03
1.638855256079260926e+03
1.649338840232342818e+03
1.659790225872903193e+03
1.670293468074498378e+03
1.680858310805772135e+03
1.691494497918807838e+03
1.702137462138259480e+03
1.712871258051345876e+03
1.723631318098814972e+03
1.734427385566950989e+03
1.745343514580699321e+03
1.756315137097974684e+03
1.767351995905200056e+03
1.778538144614115936e+03
1.789734703659892602e+03
1.801025726300557153e+03
1.812420954617738971e+03
1.823781508518724195e+03
1.835265751739811776e+03
1.846809114850912692e+03
1.858272717261374282e+03
1.869963544226957765e+03
1.881594092857921851e+03
1.893396750887706276e+03
1.905305516961782814e+03
1.917179792369703819e+03
1.929101911297112792e+03
1.941302829837981108e+03
1.953344705007376206e+03
1.965458492754630015e+03
1.977726526976797913e+03
1.989933897532277570e+03
2.002237249254472317e+03
2.014495982965371013e+03
2.026866743488930751e+03
2.039283242664136878e+03
2.051753503357634145e+03
2.064136926475807286e+03
2.076738778976221511e+03
2.089344150878317123e+03
2.101961065273274926e+03
2.114671856332955940e+03
2.127484547317880242e+03
2.140332850584135940e+03
2.153373411589212537e+03
2.166317009896682976e+03
2.179469122169035472e+03
2.192690195137925002e+03
2.206063817637424563e+03
2.219376334614699772e+03
2.232785646128831559e+03
2.246301030348496624e+03
2.259783143548558201e+03
2.273315575105620610e+03
2.286833292492592136e+03
2.300494196272337831e+03
2.314233254090499486e+03
2.327911122667567724e+03
2.341685702790286541e+03
2.355491962302508000e+03
2.369339180095587380e+03
2.383385257098421789e+03
2.397416539267250300e+03
2.411516616575322132e+03
2.425620457002537933e+03
2.439885961525180392e+03
2.454248098105838380e+03
2.468344590683621846e+03
2.482853517164788173e+03
2.497411415545384898e+03
2.511947324297582782e+03
2.526909272967381185e+03
2.541556315036144952e+03
2.556410790914484551e+03
2.571251930936984081e+03
2.586304831357828789e+03
2.601348722347365310e+03
2.616385766989610602e+03
2.631566750280740507e+03
2.646819524128540706e+03
2.662146251352816762e+03
2.677549094686754870e+03
2.692955905779187560e+03
2.708443158197729645e+03
2.723938703432741022e+03
2.739370392902044841e+03
2.754889010956340371e+03
2.770348097885241259e+03
2.785898437923843176e+03
2.801319260259746898e+03
2.816761349040437381e+03
2.832226866380923184e+03
2.847717974371547371e+03
2.863088213085854477e+03
2.878562677588424322e+03
2.893994907942585087e+03
2.909461377217881363e+03
2.924889936497234430e+03
2.940431369883683601e+03
2.955939217506650948e+03
2.971489952527621881e+03
2.987085737145213898e+03
3.002728733599537463e+03
3.018421104175823984e+03
3.034016389207278735e+03
3.049813995077111485e+03
3.065593151219763513e+03
3.081430331121287509e+03
3.097253386318913272e+03
3.113213101399814605e+03
3.129237327999092031e+03
3.145253917797030226e+03
3.161265033515683172e+03
3.177421459914837669e+03
3.193649258158055545e+03
3.209793015919472055e+03
3.226067085266593494e+03
3.242314263284057233e+03
3.258600280067841140e+03
3.274916554719439773e+03
3.291328817340127443e+03
3.307605554025411948e+03
3.324035427859822903e+03
3.340461235912142001e+03
3.356874397231198145e+03
3.373266330842352545e+03
3.389628455744778876e+03
3.406026501909648687e+03
3.422451888279321793e+03
3.438821722767632764e+03
3.455276046261355077e+03
3.471657655622906987e+03
3.488106591694368035e+03
3.504391340302822755e+03
3.520874875267098560e+03
3.537251371405865484e+03
3.553586558547134700e+03
3.569946166539098613e+03
3.586321614262305047e+03
3.602630009643083667e+03
3.618937082668170206e+03
3.635308563400431467e+03
3.651587248995581376e+03
3.667764558719764409e+03
3.684203466967879649e+03
3.700449527282468352e+03
3.716568470373023956e+03
3.732774649135527852e+03
3.748836550672023805e+03
3.764894217310042677e+03
3.780790447621655858e+03
3.796813906441950166e+03
3.812733081886724449e+03
3.828762328369161878e+03
3.844670134615288134e+03
3.860596544677991460e+03
3.876458669949394334e+03
3.892396555171383170e+03
3.908178690444105996e+03
3.924018854059298519e+03
3.939831267985360228e+03
3.955603887387563191e+03
3.971473289799738723e+03
3.987130187120224946e+03
4.002859779605000767e+03
4.018575712857886174e+03
4.034265943817801599e+03
4.049844118743072613e+03
4.065372506192785750e+03
4.080913375005256512e+03
4.096380372273668399e+03
4.111835767318992112e+03
4.127267518660323731e+03
4.142366340982790462e+03
4.157714681103223484e+03
4.172854631933808378e+03
4.188145707443966785e+03
4.203204311620725093e+03
4.218241336427878196e+03
4.233096118764236962e+03
4.247979550421340718e+03
4.262730968040925291e+03
4.277412641072557562e+03
4.292086838731801436e+03
4.306667207959299958e+03
4.321141706381149561e+03
4.335572602270996867e+03
4.349873541514218232e+03
4.364106791574579802e+03
4.378260308463773981e+03
4.392396358714167945e+03
4.406354275355155551e+03
4.420270634893410715e+03
4.434133391297383241e+03
4.447856186986296962e+03
4.461501285823936996e+03
4.475056640117414645e+03
4.488510201621126726e+03
4.501849921546059704e+03
4.515063750574524420e+03
4.528213949880432665e+03
4.541288469155094390e+03
4.554200946638554342e+03
4.567013642156382048e+03
4.579715349624032569e+03
4.592298244480859466e+03
4.604829658355696665e+03
4.617153989661621381e+03
4.629412880657353526e+03
4.641599351512719295e+03
4.653632111377780348e+03
4.665578491455192307e+03
4.677505823075315675e+03
4.689258504773572895e+03
4.700903868369518023e+03
4.712509246047015040e+03
4.723919037434956408e+03
4.735274886687883736e+03
4.746569816565876863e+03
4.757722539513058109e+03
4.768874701734051996e+03
4.779870706267747664e+03
4.790703579057690149e+03
4.801514969018464399e+03
4.812223593097425692e+03
4.822896791331166241e+03
4.833378971896107942e+03
4.843811788152675035e+03
4.854113961682503032e+03
4.864352837318201637e+03
4.874447139165205044e+03
4.884464214615348283e+03
4.894545723351775450e+03
4.904313149344940939e+03
4.914056776839432132e+03
4.923621025331473902e+03
4.933147559537011148e+03
4.942555112350332820e+03
4.951836728793273323e+03
4.961059765955124931e+03
4.970068648923395813e+03
4.979005047705723882e+03
4.987787700143227084e+03
4.996483966815697386e+03
5.005012586939116773e+03
5.013440922256006161e+03
5.021687712919197111e+03
5.029820321369715202e+03
5.037831799209427118e+03
5.045566576069282746e+03
5.053314947473899338e+03
5.060847031703383436e+03
5.068155879653263582e+03
5.075308852693457084e+03
5.082299000527207681e+03
5.089119372050972743e+03
5.095688704216228871e+03
5.102148665894153964e+03
5.108417991744189749e+03
5.114415415087433757e+03
5.120208289785806301e+03
5.125866089825675772e+03
5.131243841304604757e+03
5.136347312239953681e+03
5.141330890782266579e+03
5.146200341136392126e+03
5.150738492493329431e+03
5.155174037973351915e+03
5.159364113581050333e+03
5.163388786172710752e+03
5.167253809436485426e+03
5.170964934885639195e+03
5.174527911865144233e+03
5.177874176571735006e+03
5.181158096087508056e+03
5.184236791427024400e+03
5.187116003597772760e+03
5.189950093673778611e+03
5.192521865882062230e+03
5.195059988701501425e+03
5.197421573973644627e+03
5.199612354024870911e+03
5.201712370799242308e+03
5.203727354001291133e+03
5.205588721247962894e+03
5.207302200228788024e+03
5.208947828873366234e+03
5.210382711525156083e+03
5.211761196120507520e+03
5.213014697371858347e+03
5.214223251953961153e+03
5.215243963691983481e+03
5.216231180750327439e+03
5.217042007820975414e+03
5.217756483310164185e+03
5.218306024522267762e+03
5.218844982839666045e+03
5.219230466897516635e+03
5.219468208752306055e+03
5.219638253043141049e+03
5.219746335144739533e+03
5.219723881311210789e+03
5.219650941809709366e+03
5.219458947043141961e+03
5.219079329661213706e+03
5.218592146659120772e+03
5.218077457463344217e+03
5.217466702004041508e+03
5.216691322773674983e+03
5.215831386871558607e+03
5.214818342034162015e+03
5.213806571651064587e+03
5.212653217766582202e+03
5.211289736067187732e+03
5.209944828854919251e+03
5.208401335007119087e+03
5.206739339922892214e+03
5.205038931456791033e+03
5.203231417897301981e+03
5.201247470047777824e+03
5.199240533954756756e+03
5.197066813740313592e+03
5.194805448482352404e+03
5.192312646086805216e+03
5.189816171152742754e+03
5.187172234831441529e+03
5.184385671680483028e+03
5.181387006513983579e+03
5.178329698250071488e+03
5.175069962756748282e+03
5.171761260697239777e+03
5.168334120375977363e+03
5.164719070586277667e+03
5.160920951460798278e+03
5.157093225325813364e+03
5.153017799560262574e+03
5.148773825460539229e+03
5.144514765111854103e+03
5.139948214267013100e+03
5.135301945233327388e+03
5.130506485768276434e+03
5.125566673984554654e+03
5.120413036264912989e+03
5.115124720187229286e+03
5.109632250460068462e+03
5.103940461868944112e+03
5.098054188233360946e+03
5.092052573374649000e+03
5.085940449094472569e+03
5.079574024163822287e+03
5.073032439322191749e+03
5.066394834286558762e+03
5.059368792769681022e+03
5.052330696507165158e+03
5.045062438292660772e+03
5.037643154020473958e+03
5.030077667734813076e+03
5.022222180684853811e+03
5.014155826384718239e+03
5.005957737677442310e+03
4.997558424801972251e+03
4.988962708462200681e+03
4.980175408897031048e+03
4.971275656950455414e+03
4.962045339140640863e+03
4.952563585727029022e+03
4.943058148774433903e+03
4.933310914213251635e+03
4.923326700894795977e+03
4.913110327640966716e+03
4.902740924287383677e+03
4.892223309719282042e+03
4.881339369899480516e+03
4.870391167887820302e+03
4.859234900851578459e+03
4.847875388066415326e+03
4.836243137907544224e+03
4.824417280830868549e+03
4.812402636343992526e+03
4.800204023967034118e+03
4.787900574183350727e+03
4.775348484380345326e+03
4.762478262780638033e+03
4.749591972364000867e+03
4.736397187780534296e+03
4.722973038255687243e+03
4.709547274487784307e+03
4.695753158538852404e+03
4.681892750719578544e+03
4.667747933469341660e+03
4.653472143232324015e+03
4.638921571330743973e+03
4.624323962836353530e+03
4.609461195441337622e+03
4.594486700329821360e+03
4.579330974051216799e+03
4.563998822396631112e+03
4.548495049279583327e+03
4.532750145622279888e+03
4.516917533248657492e+03
4.501002009785399423e+03
4.484859748572080207e+03
4.468495542581559675e+03
4.451988493351669604e+03
4.435417699929215814e+03
4.418713636827163100e+03
4.401732464995890950e+03
4.384701897809210095e+03
4.367701024065824640e+03
4.350437375006736147e+03
4.333064345349039286e+03
4.315512394336406942e+03
4.298083533806441665e+03
4.280336663274954844e+03
4.262499479037110177e+03
4.244576742285231376e+03
4.226573212242925365e+03
4.208493646315105252e+03
4.190417111253274925e+03
4.172125428335408287e+03
4.153846283559556468e+03
4.135510117850243660e+03
4.117047371276595186e+03
4.098611416280981757e+03
4.080058380916969327e+03
